100 274
0 71 
0 7 
0 83 
0 59 
0 98 
0 89 
0 86 
0 70 
0 76 
0 23 
0 19 
0 38 
0 81 
0 67 
0 61 
0 53 
0 56 
0 32 
0 42 
0 72 
0 84 
0 3 
0 57 
0 58 
0 96 
0 87 
0 94 
1 55 
1 22 
1 97 
1 78 
1 36 
1 14 
1 75 
1 13 
1 45 
1 10 
2 39 
2 93 
2 24 
2 5 
2 27 
2 11 
2 34 
2 99 
3 14 
3 24 
3 41 
3 6 
3 52 
4 48 
4 78 
4 6 
4 4 
4 86 
4 69 
4 44 
4 99 
4 85 
4 62 
4 98 
4 26 
4 97 
4 18 
4 95 
4 93 
4 47 
4 70 
4 75 
4 80 
4 25 
4 76 
4 64 
4 19 
5 48 
5 92 
5 38 
5 47 
5 63 
5 44 
5 71 
5 43 
5 77 
5 64 
5 66 
5 36 
6 9 
6 59 
6 8 
6 15 
6 33 
6 67 
6 65 
7 7 
7 25 
7 91 
7 83 
7 69 
7 59 
7 47 
7 80 
7 65 
7 60 
8 73 
8 81 
8 90 
8 63 
8 82 
8 35 
8 97 
8 27 
8 17 
8 21 
8 66 
8 51 
8 71 
8 62 
9 58 
9 72 
9 51 
9 39 
9 21 
9 94 
9 13 
9 85 
10 96 
10 31 
10 66 
10 51 
10 73 
10 37 
10 12 
10 33 
10 46 
11 37 
11 61 
11 44 
11 79 
11 28 
12 72 
12 53 
12 12 
12 25 
12 54 
12 65 
12 42 
13 27 
13 80 
13 23 
13 68 
13 95 
13 99 
13 20 
13 78 
13 74 
13 76 
13 88 
13 45 
13 54 
14 49 
14 63 
14 98 
14 88 
14 31 
14 89 
14 36 
14 21 
14 40 
15 83 
15 15 
15 86 
15 82 
15 16 
15 87 
15 32 
15 84 
16 46 
16 42 
16 33 
16 40 
17 36 
17 82 
17 43 
17 90 
17 40 
18 84 
18 18 
18 26 
18 53 
18 92 
18 34 
18 91 
18 31 
18 75 
19 29 
20 35 
20 39 
21 39 
21 29 
21 54 
21 62 
21 43 
22 67 
22 34 
22 48 
22 38 
22 40 
22 45 
22 52 
22 82 
23 57 
23 49 
23 23 
24 24 
24 60 
24 68 
27 40 
27 33 
28 39 
28 34 
28 33 
28 48 
28 30 
29 29 
29 41 
29 55 
30 57 
30 48 
30 35 
30 37 
31 61 
32 46 
33 43 
33 33 
35 64 
35 56 
35 93 
35 49 
35 52 
35 37 
35 69 
35 68 
37 39 
37 82 
38 77 
38 55 
39 50 
39 96 
40 41 
40 94 
40 81 
40 87 
41 50 
41 57 
42 54 
42 77 
43 74 
43 48 
43 46 
45 52 
46 89 
48 73 
50 79 
51 79 
52 58 
52 95 
55 56 
56 90 
57 88 
59 79 
60 74 
60 77 
60 91 
85 92 
