100 273
0 14 
0 13 
0 4 
0 1 
0 39 
0 7 
0 35 
0 5 
0 10 
0 8 
0 40 
0 6 
0 48 
0 18 
0 9 
0 2 
0 22 
0 27 
0 12 
0 15 
0 43 
0 37 
0 33 
0 28 
0 21 
1 4 
1 5 
1 13 
1 12 
1 14 
1 35 
1 8 
1 10 
1 18 
1 15 
2 33 
2 42 
2 6 
2 5 
2 15 
2 4 
2 35 
3 42 
3 4 
3 16 
3 17 
3 24 
3 27 
4 14 
4 13 
4 8 
4 12 
4 15 
4 11 
4 35 
4 6 
4 21 
4 5 
4 7 
4 37 
4 18 
4 52 
4 24 
4 10 
4 9 
4 40 
4 43 
4 39 
4 22 
5 7 
5 12 
5 35 
5 6 
5 21 
5 8 
5 13 
5 18 
5 14 
6 18 
6 39 
6 12 
6 9 
6 42 
7 9 
7 8 
7 18 
7 10 
7 13 
7 14 
7 12 
7 37 
7 15 
8 10 
8 14 
8 35 
8 23 
8 13 
8 18 
8 12 
8 21 
8 9 
8 52 
9 48 
9 37 
9 40 
9 10 
10 13 
10 14 
10 15 
10 18 
10 40 
11 33 
11 28 
11 52 
11 21 
11 43 
11 22 
12 13 
12 18 
12 14 
12 21 
13 21 
13 14 
13 18 
13 35 
14 18 
14 39 
15 22 
15 21 
15 35 
16 29 
16 88 
16 57 
16 77 
16 60 
17 82 
17 28 
17 27 
17 23 
17 52 
19 62 
19 41 
19 79 
19 57 
20 75 
20 25 
20 94 
21 39 
22 40 
22 33 
22 42 
22 37 
23 38 
23 52 
23 36 
23 29 
24 42 
24 27 
24 41 
24 38 
25 87 
25 86 
26 97 
26 85 
26 63 
27 43 
27 48 
28 42 
28 29 
28 95 
29 59 
29 52 
29 82 
30 88 
30 72 
30 69 
31 63 
31 98 
31 62 
31 56 
32 58 
32 53 
32 44 
33 43 
33 39 
33 59 
34 63 
34 55 
34 65 
34 75 
35 39 
35 40 
36 51 
36 38 
36 46 
37 40 
37 57 
38 79 
38 41 
39 48 
40 48 
41 82 
41 55 
43 48 
44 92 
44 81 
45 76 
45 90 
45 71 
46 97 
46 59 
46 56 
47 83 
47 54 
47 89 
48 82 
49 97 
49 86 
49 65 
50 66 
50 87 
50 96 
51 62 
51 59 
51 81 
53 68 
53 99 
54 78 
54 70 
55 62 
55 77 
56 77 
56 63 
57 60 
57 79 
58 66 
58 93 
60 82 
60 79 
60 77 
61 91 
61 94 
61 71 
64 84 
64 71 
64 68 
65 95 
66 80 
67 74 
67 86 
67 91 
68 69 
69 90 
70 83 
70 98 
72 78 
72 99 
73 85 
73 90 
73 74 
74 92 
75 81 
76 95 
76 96 
78 98 
80 84 
83 89 
84 87 
85 92 
88 99 
89 91 
93 96 
93 94 
