100 273
0 14 
0 13 
0 4 
0 96 
0 51 
0 1 
0 3 
0 60 
0 39 
0 7 
0 38 
0 82 
0 32 
0 35 
0 58 
0 42 
0 5 
0 17 
0 36 
0 77 
0 10 
0 8 
0 40 
0 6 
0 31 
1 4 
1 95 
1 9 
1 35 
1 21 
1 87 
1 7 
1 25 
1 79 
1 14 
2 82 
2 79 
2 18 
2 36 
2 6 
2 38 
2 13 
2 7 
3 65 
3 30 
3 56 
3 37 
3 11 
4 17 
4 23 
4 69 
4 86 
4 90 
4 22 
4 14 
4 70 
4 58 
4 66 
4 46 
4 13 
4 53 
4 10 
4 43 
4 88 
4 8 
4 9 
4 21 
4 12 
4 33 
4 57 
4 15 
5 68 
5 7 
5 16 
5 12 
5 35 
5 6 
5 84 
5 38 
5 46 
5 15 
5 14 
5 10 
6 37 
6 29 
6 41 
6 9 
6 8 
6 24 
7 45 
7 35 
7 82 
7 34 
7 57 
7 9 
7 83 
7 8 
8 10 
8 14 
8 22 
8 35 
8 23 
8 33 
8 27 
8 13 
8 88 
8 18 
8 43 
9 43 
9 39 
9 36 
9 10 
9 42 
10 63 
10 91 
10 53 
10 39 
10 21 
10 18 
11 24 
11 75 
11 35 
11 71 
11 15 
11 33 
12 13 
12 73 
12 52 
12 51 
12 63 
12 85 
12 76 
12 31 
12 28 
13 27 
13 28 
13 33 
13 16 
13 94 
13 18 
13 48 
14 27 
14 22 
14 54 
14 42 
14 40 
14 15 
15 39 
15 31 
15 92 
15 63 
15 18 
16 17 
16 49 
16 28 
16 29 
17 67 
17 71 
17 18 
18 89 
18 27 
18 24 
18 79 
18 39 
19 93 
19 37 
19 98 
19 59 
20 43 
20 75 
20 32 
21 55 
21 49 
21 81 
21 93 
21 94 
21 47 
22 54 
22 35 
22 90 
22 40 
22 65 
23 78 
23 38 
23 62 
23 50 
24 56 
24 34 
24 51 
25 82 
25 33 
26 64 
26 52 
26 77 
27 29 
27 45 
28 41 
28 34 
28 91 
29 37 
29 47 
29 76 
30 81 
30 70 
31 95 
32 97 
33 40 
33 44 
34 53 
35 48 
35 44 
35 74 
36 52 
37 74 
37 69 
37 81 
38 55 
39 42 
39 96 
39 86 
40 48 
40 46 
40 61 
40 52 
41 87 
41 98 
41 61 
42 50 
42 87 
43 70 
43 77 
44 89 
45 80 
46 89 
47 77 
48 72 
48 57 
48 59 
48 78 
49 97 
50 66 
51 68 
52 64 
52 63 
54 83 
55 88 
55 92 
56 84 
56 60 
57 85 
57 83 
58 97 
59 61 
59 99 
60 76 
60 95 
60 99 
62 75 
62 91 
62 68 
64 65 
66 90 
67 69 
67 74 
71 86 
72 78 
72 99 
73 84 
73 85 
79 94 
80 92 
82 98 
93 96 
