100 273
0 14 
0 13 
0 4 
0 96 
0 1 
0 3 
0 60 
0 39 
0 7 
0 38 
0 82 
0 35 
0 42 
0 5 
0 17 
0 10 
0 8 
0 40 
0 6 
0 43 
0 33 
0 48 
0 18 
0 9 
0 2 
1 4 
1 9 
1 21 
1 7 
1 14 
1 5 
1 13 
1 2 
1 40 
1 51 
2 18 
2 36 
2 6 
2 7 
2 11 
2 48 
3 37 
3 11 
3 55 
3 89 
3 17 
4 17 
4 22 
4 14 
4 66 
4 46 
4 13 
4 88 
4 8 
4 9 
4 12 
4 57 
4 15 
4 11 
4 28 
4 35 
4 6 
4 21 
4 42 
4 52 
4 5 
4 92 
4 7 
4 29 
5 7 
5 16 
5 12 
5 35 
5 6 
5 84 
5 38 
5 46 
5 10 
5 37 
6 41 
6 8 
6 21 
6 29 
6 28 
7 45 
7 82 
7 9 
7 83 
7 8 
7 12 
7 52 
8 10 
8 14 
8 22 
8 35 
8 23 
8 13 
8 18 
8 43 
8 9 
8 12 
8 21 
9 43 
9 39 
9 27 
9 13 
10 39 
10 21 
10 18 
10 55 
10 40 
10 13 
10 14 
10 35 
11 75 
11 35 
11 15 
11 33 
12 13 
12 73 
12 85 
12 76 
12 14 
12 39 
12 18 
13 27 
13 33 
13 16 
13 18 
13 21 
14 22 
14 40 
14 37 
14 95 
14 18 
15 39 
15 31 
15 92 
15 63 
15 18 
15 51 
15 33 
16 17 
16 49 
16 28 
16 29 
17 67 
17 18 
18 24 
18 39 
19 93 
19 98 
19 28 
19 49 
20 75 
20 25 
20 94 
21 48 
21 82 
21 43 
22 90 
22 40 
22 65 
22 52 
22 69 
23 38 
23 62 
23 82 
23 29 
23 28 
24 56 
24 34 
24 58 
24 37 
24 27 
25 87 
25 71 
26 64 
26 52 
26 61 
27 45 
27 63 
27 33 
28 35 
29 59 
29 48 
30 70 
30 63 
30 95 
31 95 
31 36 
31 79 
32 97 
32 41 
32 58 
33 44 
33 42 
34 63 
34 77 
34 87 
35 48 
35 74 
35 94 
36 70 
36 53 
37 93 
37 42 
37 77 
38 55 
38 81 
39 96 
39 86 
40 48 
40 61 
40 52 
41 98 
41 73 
41 51 
42 50 
42 94 
43 77 
43 56 
44 47 
44 87 
45 80 
46 89 
46 79 
47 71 
47 83 
48 72 
49 97 
50 66 
50 57 
51 78 
52 88 
53 69 
53 81 
54 83 
54 74 
54 64 
55 92 
56 60 
56 79 
57 85 
57 65 
57 59 
58 97 
59 61 
59 99 
60 76 
60 99 
60 81 
62 75 
62 91 
62 68 
64 65 
66 90 
67 69 
67 74 
68 76 
68 77 
70 80 
71 86 
72 78 
72 99 
73 85 
78 98 
79 84 
82 86 
84 90 
88 91 
89 91 
93 96 
