100 273
0 85 
0 7 
0 12 
0 52 
0 76 
0 8 
0 43 
0 55 
0 13 
0 50 
0 61 
0 94 
0 33 
0 26 
0 97 
0 60 
0 29 
0 80 
0 53 
0 63 
0 2 
0 48 
0 28 
1 4 
1 5 
1 43 
1 8 
1 71 
1 9 
1 48 
1 23 
1 97 
1 88 
1 81 
1 17 
2 7 
2 56 
2 48 
2 49 
2 87 
2 33 
2 78 
3 23 
3 13 
3 86 
3 75 
4 27 
4 24 
4 34 
4 49 
4 35 
4 21 
4 60 
4 31 
4 26 
4 75 
4 30 
4 50 
4 78 
4 44 
4 32 
4 70 
4 82 
4 56 
4 84 
4 86 
4 25 
4 59 
4 64 
5 22 
5 40 
5 14 
5 7 
5 94 
5 26 
5 6 
5 53 
5 76 
5 56 
6 59 
6 47 
6 40 
6 13 
6 10 
6 22 
6 11 
6 45 
7 15 
7 52 
7 39 
7 47 
7 34 
7 93 
7 38 
7 73 
7 62 
7 74 
7 45 
8 15 
8 95 
8 35 
8 31 
8 92 
8 41 
8 90 
8 67 
8 22 
8 98 
8 96 
8 81 
9 9 
9 30 
9 18 
9 38 
9 62 
9 61 
9 96 
9 95 
10 88 
10 58 
10 84 
10 65 
10 79 
10 48 
10 24 
10 46 
10 41 
10 99 
10 22 
11 37 
11 30 
11 51 
11 42 
11 60 
12 41 
12 33 
12 28 
12 57 
12 82 
12 73 
12 13 
12 43 
12 67 
13 60 
13 35 
13 80 
13 99 
13 83 
13 91 
13 47 
13 38 
13 70 
13 28 
13 54 
14 90 
14 41 
14 70 
14 15 
14 83 
14 36 
14 55 
14 49 
14 50 
14 77 
14 19 
14 18 
15 21 
15 24 
15 57 
15 35 
15 68 
16 48 
16 72 
16 39 
16 33 
16 20 
16 77 
17 45 
17 23 
17 33 
17 38 
17 81 
18 52 
18 92 
18 23 
18 27 
18 21 
18 91 
18 68 
18 79 
18 25 
19 66 
19 24 
19 43 
20 37 
20 21 
21 36 
21 55 
21 35 
22 54 
22 64 
22 65 
22 42 
23 64 
24 86 
24 46 
25 32 
27 35 
27 51 
27 29 
28 91 
28 60 
28 31 
29 89 
29 96 
29 80 
29 57 
30 43 
30 40 
31 40 
32 39 
33 75 
33 34 
33 39 
33 76 
34 58 
35 66 
35 44 
36 42 
36 99 
37 57 
37 71 
37 42 
37 63 
37 93 
38 89 
39 95 
39 85 
39 61 
39 67 
39 59 
40 82 
40 65 
40 54 
40 97 
40 46 
40 98 
42 87 
42 63 
43 62 
43 89 
44 73 
45 51 
46 68 
46 82 
48 88 
48 69 
51 59 
52 84 
52 72 
53 74 
54 98 
57 58 
62 63 
66 92 
69 93 
69 77 
71 79 
72 85 
74 94 
77 87 
78 82 
79 83 
