100 274
0 97 
0 11 
0 52 
0 35 
0 10 
0 71 
0 7 
0 83 
0 59 
0 98 
0 89 
0 86 
0 43 
0 54 
0 27 
0 80 
0 12 
0 70 
0 76 
0 23 
0 58 
0 82 
0 19 
0 38 
0 45 
0 49 
0 62 
1 4 
1 55 
1 17 
1 44 
1 11 
1 22 
1 74 
1 97 
1 43 
1 63 
2 39 
2 72 
2 7 
2 12 
2 35 
2 27 
2 67 
2 30 
3 14 
3 8 
3 65 
3 13 
3 24 
3 12 
4 48 
4 58 
4 78 
4 21 
4 6 
4 4 
4 86 
4 69 
4 44 
4 37 
4 54 
4 99 
4 85 
4 62 
4 91 
4 98 
4 26 
4 97 
4 61 
4 18 
4 95 
4 93 
4 47 
5 37 
5 48 
5 92 
5 7 
5 69 
5 51 
5 22 
5 10 
5 38 
5 47 
5 63 
5 62 
5 29 
6 9 
6 59 
6 91 
6 43 
6 20 
6 8 
6 32 
6 15 
7 7 
7 68 
7 25 
7 9 
7 14 
7 52 
7 33 
7 31 
8 23 
8 73 
8 13 
8 40 
8 42 
8 22 
8 20 
8 53 
8 14 
8 64 
8 92 
8 46 
8 81 
9 82 
9 58 
9 32 
9 60 
9 72 
9 25 
9 14 
10 71 
10 61 
10 21 
10 77 
10 96 
10 31 
10 66 
10 51 
11 55 
11 37 
11 61 
11 69 
12 72 
12 53 
12 12 
12 75 
12 33 
13 76 
13 21 
13 57 
13 87 
13 75 
13 27 
13 77 
13 83 
13 34 
13 42 
13 19 
13 36 
13 80 
14 29 
14 91 
14 49 
14 63 
14 98 
14 95 
14 88 
15 83 
15 15 
15 86 
15 82 
15 16 
15 99 
15 39 
15 89 
16 84 
16 40 
16 45 
16 46 
17 23 
17 35 
17 36 
17 38 
17 55 
18 31 
18 85 
18 84 
18 18 
18 79 
18 33 
18 37 
18 26 
18 36 
19 70 
20 35 
21 39 
21 96 
21 45 
21 41 
21 75 
22 33 
22 67 
22 34 
22 48 
22 38 
22 94 
23 56 
23 93 
23 57 
24 84 
24 33 
24 24 
24 57 
25 29 
27 31 
27 40 
28 40 
28 52 
28 92 
28 39 
28 76 
28 34 
29 29 
29 41 
30 39 
30 57 
30 81 
30 48 
32 43 
33 43 
33 35 
33 56 
34 82 
35 64 
35 60 
35 68 
35 67 
35 66 
35 56 
36 37 
37 40 
38 53 
39 40 
39 51 
39 73 
40 41 
40 46 
40 44 
41 50 
41 90 
42 54 
42 52 
42 80 
43 74 
43 48 
45 59 
46 89 
46 49 
47 48 
48 73 
50 94 
50 96 
51 79 
52 99 
52 56 
54 82 
55 78 
57 81 
59 79 
60 87 
60 74 
60 77 
64 90 
65 95 
65 71 
66 85 
68 88 
77 88 
78 90 
79 87 
93 94 
