100 273
0 52 
0 76 
0 55 
0 50 
0 61 
0 94 
0 26 
0 97 
0 60 
0 80 
0 53 
0 63 
0 2 
0 28 
0 69 
0 71 
0 31 
0 99 
0 65 
0 74 
0 78 
0 67 
0 54 
1 5 
1 43 
1 71 
1 97 
1 88 
1 81 
1 17 
1 12 
1 38 
1 18 
1 96 
1 35 
2 49 
2 33 
2 78 
2 17 
2 27 
2 3 
2 57 
3 23 
3 13 
3 41 
4 27 
4 24 
4 49 
4 21 
4 26 
4 50 
4 44 
4 32 
4 70 
4 82 
4 56 
4 84 
4 86 
4 25 
4 64 
4 80 
4 87 
4 34 
4 89 
4 92 
4 62 
4 71 
4 95 
4 55 
5 40 
5 94 
5 26 
5 6 
5 53 
5 15 
5 70 
5 83 
5 48 
5 74 
6 59 
6 10 
6 11 
6 45 
6 29 
6 16 
6 15 
6 41 
7 47 
7 34 
7 38 
7 73 
7 62 
7 77 
7 58 
7 56 
7 63 
7 54 
7 19 
7 98 
7 22 
7 16 
8 92 
8 90 
8 67 
8 98 
8 96 
8 81 
8 45 
8 76 
8 69 
8 84 
8 56 
8 23 
8 19 
8 12 
9 30 
9 38 
9 61 
9 96 
9 95 
9 72 
9 46 
9 60 
9 22 
9 48 
10 88 
10 65 
10 24 
10 41 
10 99 
10 61 
10 57 
10 64 
10 82 
10 47 
10 93 
11 30 
11 51 
11 42 
11 60 
11 85 
12 33 
12 28 
12 82 
12 73 
12 43 
12 51 
12 35 
12 97 
13 60 
13 80 
13 83 
13 47 
13 70 
13 54 
13 52 
13 66 
13 20 
13 68 
13 39 
13 23 
13 86 
13 67 
14 90 
14 41 
14 15 
14 83 
14 55 
14 49 
14 50 
14 19 
14 18 
14 68 
14 87 
14 53 
14 45 
15 21 
15 57 
15 68 
15 43 
15 62 
16 39 
16 33 
16 20 
16 77 
17 33 
17 81 
17 52 
17 25 
18 92 
18 23 
18 91 
18 79 
18 25 
18 36 
18 93 
18 76 
18 62 
19 36 
20 37 
21 35 
21 24 
21 91 
21 33 
21 30 
22 64 
22 42 
22 37 
22 69 
22 33 
22 79 
23 84 
24 86 
24 31 
24 63 
27 35 
27 29 
27 33 
28 91 
28 60 
28 44 
28 43 
29 57 
29 59 
29 34 
29 85 
30 40 
30 35 
31 40 
31 48 
32 39 
32 38 
33 75 
33 39 
34 58 
35 66 
35 44 
35 79 
36 73 
36 51 
37 42 
37 72 
37 39 
37 52 
37 79 
38 89 
39 85 
39 59 
39 45 
39 46 
40 65 
40 46 
40 98 
40 99 
40 48 
40 66 
40 75 
42 63 
42 95 
42 48 
43 89 
43 93 
43 48 
46 82 
46 77 
48 88 
51 59 
52 72 
54 75 
57 58 
74 94 
77 87 
78 82 
