100 270
0 69 
0 64 
0 15 
0 0 
0 22 
0 68 
0 20 
0 73 
0 96 
0 43 
0 86 
0 80 
0 24 
0 1 
0 53 
0 91 
0 88 
0 61 
0 89 
0 58 
0 84 
0 92 
0 13 
1 59 
1 4 
1 61 
1 26 
1 11 
1 5 
1 20 
1 14 
1 76 
2 33 
2 48 
2 21 
2 38 
2 99 
2 37 
2 12 
3 27 
3 82 
3 39 
3 37 
3 54 
4 45 
4 36 
4 58 
4 61 
4 4 
4 55 
4 67 
4 25 
4 35 
4 56 
4 18 
4 53 
4 88 
4 96 
4 43 
4 94 
4 69 
4 84 
4 51 
4 62 
4 60 
4 44 
5 39 
5 51 
5 84 
5 60 
5 40 
5 43 
5 21 
5 7 
5 37 
5 54 
6 46 
6 54 
6 60 
6 14 
6 11 
6 45 
6 91 
6 32 
7 30 
7 14 
7 94 
7 62 
7 95 
7 19 
7 75 
7 83 
7 70 
7 26 
7 37 
8 68 
8 22 
8 66 
8 19 
8 34 
8 65 
8 16 
8 53 
8 35 
8 78 
8 89 
8 57 
8 50 
8 82 
8 86 
9 23 
9 74 
9 15 
9 67 
9 72 
9 83 
9 79 
9 48 
9 39 
9 92 
10 81 
10 73 
10 63 
10 35 
10 12 
10 25 
10 74 
10 41 
10 17 
11 48 
11 34 
11 39 
11 85 
11 64 
12 31 
12 28 
12 79 
12 50 
12 98 
12 46 
12 58 
12 47 
12 87 
13 18 
13 37 
13 51 
13 96 
13 64 
13 50 
13 47 
13 87 
13 19 
13 27 
14 24 
14 33 
14 15 
14 30 
14 38 
14 42 
14 41 
14 60 
14 49 
15 75 
15 17 
15 72 
15 77 
15 45 
15 37 
15 36 
16 52 
16 79 
16 48 
16 68 
16 46 
17 95 
17 29 
17 55 
17 27 
18 22 
18 76 
18 82 
18 29 
18 81 
18 89 
19 55 
20 44 
21 52 
21 78 
21 37 
21 31 
21 42 
21 40 
22 35 
22 52 
22 77 
22 90 
22 31 
22 33 
23 92 
23 57 
23 70 
23 54 
23 30 
24 90 
24 27 
24 43 
24 28 
25 30 
26 43 
27 88 
27 56 
28 29 
28 63 
28 97 
28 75 
29 59 
29 98 
29 52 
30 48 
31 57 
32 80 
32 33 
33 77 
33 69 
33 72 
33 39 
34 90 
34 65 
35 44 
35 48 
35 98 
35 47 
35 78 
35 62 
35 71 
36 56 
36 85 
38 49 
38 70 
39 49 
39 57 
39 93 
40 79 
40 81 
40 71 
40 48 
40 43 
40 80 
40 41 
40 97 
41 65 
42 46 
42 63 
43 99 
45 93 
46 51 
48 55 
52 71 
52 82 
56 77 
57 67 
59 74 
59 99 
60 85 
62 93 
63 91 
66 87 
76 97 
83 94 
86 95 
